0.000000000000000000e+00
0.000000000000000000e+00
3.072000000000000000e+03
1.768064000000000000e+06
1.837568000000000000e+06
1.702400000000000000e+05
1.450422000000000000e+06
3.756560000000000000e+05
2.164000000000000000e+04
1.737334000000000000e+06
1.238400000000000000e+05
5.080000000000000000e+02
7.900000000000000000e+02
1.760000000000000000e+02
1.078000000000000000e+03
3.900000000000000000e+02
2.380000000000000000e+02
1.036800000000000000e+04
5.032000000000000000e+03
1.185400000000000000e+04
7.622000000000000000e+03
6.104000000000000000e+03
4.586000000000000000e+03
1.544000000000000000e+04
5.940000000000000000e+03
6.130000000000000000e+03
4.544000000000000000e+03
4.106000000000000000e+03
5.160000000000000000e+03
4.434000000000000000e+03
4.674000000000000000e+03
3.828000000000000000e+03
4.160000000000000000e+03
2.650600000000000000e+04
1.998400000000000000e+04
2.448200000000000000e+04
3.504200000000000000e+04
1.790400000000000000e+04
3.533600000000000000e+04
1.622800000000000000e+04
1.353400000000000000e+04
6.340000000000000000e+03
6.700000000000000000e+03
6.938000000000000000e+03
1.142000000000000000e+04
6.818000000000000000e+03
4.920000000000000000e+03
5.760000000000000000e+03
5.072000000000000000e+03
4.770000000000000000e+03
7.174000000000000000e+03
6.320000000000000000e+03
8.302000000000000000e+03
7.768000000000000000e+03
5.474000000000000000e+03
8.184000000000000000e+03
6.954000000000000000e+03
7.584000000000000000e+03
7.948000000000000000e+03
6.486000000000000000e+03
7.564000000000000000e+03
1.053400000000000000e+04
8.414000000000000000e+03
1.155800000000000000e+04
1.077400000000000000e+04
1.021600000000000000e+04
9.682000000000000000e+03
9.802000000000000000e+03
8.724000000000000000e+03
1.066000000000000000e+04
1.818800000000000000e+04
1.466600000000000000e+04
9.682000000000000000e+03
1.444800000000000000e+04
7.786000000000000000e+03
1.076400000000000000e+04
8.066000000000000000e+03
7.404000000000000000e+03
1.063800000000000000e+04
1.043200000000000000e+04
8.540000000000000000e+03
1.112200000000000000e+04
1.115600000000000000e+04
1.108000000000000000e+04
5.630000000000000000e+03
6.252000000000000000e+03
7.916000000000000000e+03
8.684000000000000000e+03
6.544000000000000000e+03
1.569800000000000000e+04
1.044800000000000000e+04
1.139800000000000000e+04
1.194800000000000000e+04
1.359600000000000000e+04
1.418400000000000000e+04
1.717200000000000000e+04
1.309400000000000000e+04
2.109600000000000000e+04
1.732600000000000000e+04
2.262400000000000000e+04
2.144000000000000000e+04
3.653400000000000000e+04
8.824200000000000000e+04
1.466080000000000000e+05
5.874000000000000000e+03
1.526000000000000000e+03
1.154000000000000000e+03
2.535200000000000000e+04
1.128000000000000000e+04
2.749600000000000000e+04
1.548000000000000000e+04
2.876000000000000000e+03
8.080000000000000000e+02
4.400000000000000000e+01
5.300000000000000000e+02
4.000000000000000000e+00
9.400000000000000000e+01
4.040000000000000000e+02
1.720000000000000000e+02
1.058000000000000000e+04
2.218000000000000000e+03
1.366000000000000000e+03
1.600000000000000000e+01
9.080000000000000000e+02
5.120000000000000000e+02
9.000000000000000000e+02
5.080400000000000000e+04
1.420000000000000000e+03
2.652000000000000000e+03
1.588000000000000000e+03
5.112000000000000000e+03
5.344000000000000000e+03
2.196000000000000000e+03
4.810000000000000000e+03
2.775600000000000000e+04
6.920000000000000000e+02
1.064000000000000000e+03
2.540000000000000000e+02
1.840000000000000000e+02
5.280000000000000000e+02
1.340000000000000000e+02
1.434000000000000000e+03
8.300000000000000000e+02
4.420000000000000000e+02
2.060000000000000000e+02
1.422000000000000000e+03
1.754000000000000000e+03
2.722000000000000000e+03
1.896000000000000000e+03
8.310000000000000000e+03
3.320000000000000000e+03
2.900000000000000000e+03
3.500000000000000000e+03
3.950000000000000000e+03
2.594000000000000000e+03
2.720000000000000000e+03
1.420000000000000000e+03
1.580000000000000000e+03
1.230000000000000000e+03
8.410000000000000000e+03
2.868000000000000000e+03
1.578000000000000000e+03
2.812000000000000000e+03
1.598000000000000000e+03
1.780000000000000000e+03
1.244000000000000000e+03
8.160000000000000000e+02
2.564000000000000000e+03
1.004000000000000000e+03
1.634000000000000000e+03
1.384000000000000000e+03
7.720000000000000000e+02
1.406000000000000000e+03
1.328000000000000000e+03
1.128000000000000000e+03
1.342000000000000000e+03
1.054000000000000000e+03
1.726000000000000000e+03
1.268000000000000000e+03
7.338000000000000000e+03
5.800000000000000000e+02
6.360000000000000000e+03
1.050000000000000000e+03
1.526000000000000000e+03
7.640000000000000000e+02
1.232000000000000000e+03
9.080000000000000000e+02
1.370000000000000000e+03
2.138000000000000000e+03
4.218000000000000000e+03
5.256000000000000000e+03
2.146000000000000000e+03
1.358000000000000000e+03
1.146000000000000000e+03
1.578000000000000000e+03
3.490000000000000000e+03
1.226000000000000000e+03
2.726000000000000000e+03
3.486000000000000000e+03
5.114000000000000000e+03
7.734000000000000000e+03
7.908000000000000000e+03
1.392600000000000000e+04
1.425000000000000000e+04
4.792000000000000000e+03
5.790000000000000000e+03
1.600000000000000000e+04
1.565400000000000000e+04
1.971000000000000000e+04
1.642000000000000000e+04
2.103200000000000000e+04
3.327000000000000000e+04
4.060400000000000000e+04
2.674800000000000000e+04
4.106000000000000000e+03
5.800000000000000000e+03
5.638000000000000000e+03
4.620000000000000000e+03
2.900000000000000000e+03
7.882000000000000000e+03
3.978000000000000000e+03
5.026000000000000000e+03
5.186000000000000000e+03
6.478000000000000000e+03
5.350000000000000000e+03
4.604000000000000000e+03
8.244000000000000000e+03
6.076000000000000000e+03
7.706000000000000000e+03
2.962000000000000000e+03
4.062000000000000000e+03
8.028000000000000000e+03
3.078000000000000000e+03
3.716000000000000000e+03
2.772000000000000000e+03
3.918000000000000000e+03
3.306000000000000000e+03
5.696000000000000000e+03
5.256000000000000000e+03
5.472000000000000000e+03
2.874000000000000000e+03
2.122000000000000000e+03
2.088000000000000000e+03
2.592000000000000000e+03
5.672000000000000000e+03
5.208000000000000000e+03
3.184000000000000000e+03
3.156000000000000000e+03
3.272000000000000000e+03
3.884000000000000000e+03
8.896000000000000000e+03
2.358000000000000000e+04
5.040000000000000000e+03
6.674000000000000000e+03
8.448000000000000000e+03
7.018000000000000000e+03
3.366000000000000000e+03
1.269400000000000000e+04
3.188000000000000000e+03
3.914000000000000000e+03
2.690000000000000000e+03
2.922000000000000000e+03
1.674000000000000000e+03
3.872000000000000000e+03
3.638000000000000000e+03
4.188000000000000000e+03
1.706000000000000000e+03
1.268000000000000000e+03
2.258000000000000000e+03
3.762000000000000000e+03
3.440000000000000000e+03
3.974000000000000000e+03
2.860000000000000000e+03
4.264000000000000000e+03
3.106000000000000000e+03
2.736000000000000000e+03
6.130000000000000000e+03
1.568400000000000000e+04
2.458000000000000000e+04
1.375800000000000000e+04
1.058400000000000000e+04
3.147200000000000000e+04
4.836000000000000000e+03
2.440000000000000000e+04
5.762000000000000000e+03
5.592000000000000000e+03
5.992000000000000000e+03
9.186000000000000000e+03
8.144000000000000000e+03
4.974000000000000000e+03
2.458000000000000000e+03
2.695800000000000000e+04
4.854000000000000000e+03
2.272000000000000000e+03
3.180000000000000000e+03
2.266000000000000000e+03
3.164000000000000000e+03
6.170000000000000000e+03
3.644000000000000000e+03
2.520000000000000000e+03
2.367000000000000000e+04
7.238000000000000000e+03
5.300000000000000000e+03
6.252000000000000000e+03
5.890000000000000000e+03
5.032000000000000000e+03
2.499200000000000000e+04
4.704000000000000000e+03
3.376000000000000000e+03
8.604000000000000000e+03
1.130600000000000000e+04
3.336000000000000000e+03
5.624000000000000000e+03
3.498000000000000000e+03
5.256000000000000000e+03
3.226000000000000000e+03
3.134000000000000000e+03
3.812000000000000000e+03
7.718000000000000000e+03
1.286200000000000000e+04
7.574000000000000000e+03
1.404800000000000000e+04
4.714000000000000000e+03
1.060200000000000000e+04
8.298000000000000000e+03
1.063000000000000000e+04
6.986000000000000000e+03
1.999800000000000000e+04
2.413200000000000000e+04
1.368200000000000000e+04
1.348200000000000000e+04
9.242000000000000000e+03
1.234600000000000000e+04
1.069200000000000000e+04
9.080000000000000000e+03
7.936000000000000000e+03
2.514000000000000000e+03
1.133600000000000000e+04
4.918000000000000000e+03
5.456000000000000000e+03
1.105800000000000000e+04
1.944400000000000000e+04
5.478000000000000000e+03
5.920000000000000000e+03
1.964200000000000000e+04
1.845000000000000000e+04
1.499800000000000000e+04
1.353000000000000000e+04
5.586000000000000000e+03
6.956000000000000000e+03
3.944000000000000000e+03
1.269400000000000000e+04
2.648400000000000000e+04
9.864000000000000000e+03
3.427200000000000000e+04
1.722400000000000000e+04
1.818400000000000000e+04
1.251400000000000000e+04
8.928000000000000000e+03
1.894600000000000000e+04
7.602000000000000000e+03
8.560000000000000000e+03
2.397800000000000000e+04
1.220200000000000000e+04
7.638000000000000000e+03
1.044800000000000000e+04
1.049600000000000000e+04
9.794000000000000000e+03
8.616000000000000000e+03
7.586000000000000000e+03
4.141600000000000000e+04
2.178200000000000000e+04
2.490400000000000000e+04
9.080000000000000000e+03
3.998000000000000000e+03
6.580000000000000000e+03
3.726000000000000000e+03
9.040000000000000000e+02
9.540000000000000000e+02
1.518000000000000000e+03
3.729600000000000000e+04
3.171200000000000000e+04
6.917400000000000000e+04
7.310000000000000000e+03
1.627600000000000000e+04
9.760000000000000000e+03
5.807340000000000000e+05
1.974120000000000000e+05
8.900200000000000000e+04
5.998800000000000000e+04
1.810000000000000000e+04
2.998000000000000000e+03
2.524000000000000000e+03
2.414000000000000000e+03
1.338000000000000000e+03
1.350000000000000000e+03
1.554000000000000000e+03
1.116000000000000000e+03
6.120000000000000000e+02
3.726000000000000000e+03
2.960000000000000000e+03
1.746000000000000000e+03
8.400000000000000000e+02
1.098000000000000000e+03
3.790000000000000000e+03
1.428000000000000000e+03
9.980000000000000000e+02
1.420000000000000000e+03
1.162000000000000000e+03
1.084000000000000000e+03
1.870000000000000000e+03
1.048000000000000000e+03
4.400000000000000000e+02
1.800000000000000000e+03
4.880000000000000000e+02
1.642000000000000000e+03
1.006000000000000000e+03
5.320000000000000000e+02
2.468000000000000000e+03
5.008000000000000000e+03
1.134000000000000000e+03
2.698000000000000000e+03
5.600000000000000000e+02
1.580000000000000000e+03
1.322000000000000000e+03
1.730000000000000000e+03
9.360000000000000000e+02
1.430000000000000000e+03
1.306000000000000000e+03
6.062000000000000000e+03
2.120600000000000000e+04
3.826800000000000000e+04
4.018600000000000000e+04
4.844400000000000000e+04
7.496000000000000000e+04
9.133600000000000000e+04
6.324600000000000000e+04
7.577600000000000000e+04
7.285200000000000000e+04
4.344000000000000000e+03
1.780000000000000000e+02
7.960000000000000000e+02
8.240000000000000000e+02
2.416200000000000000e+04
1.760000000000000000e+02
1.032000000000000000e+03
7.400000000000000000e+02
1.426000000000000000e+03
3.314000000000000000e+03
2.832000000000000000e+03
1.154400000000000000e+04
1.158000000000000000e+03
1.260000000000000000e+02
3.140000000000000000e+02
7.400000000000000000e+01
1.000000000000000000e+01
2.960000000000000000e+02
2.169800000000000000e+04
4.260000000000000000e+02
5.900000000000000000e+02
3.880000000000000000e+02
1.128000000000000000e+03
8.740000000000000000e+02
3.260000000000000000e+03
2.988000000000000000e+03
7.200000000000000000e+01
1.740000000000000000e+02
1.440000000000000000e+02
1.000000000000000000e+02
9.000000000000000000e+01
3.020000000000000000e+02
1.222000000000000000e+03
2.000000000000000000e+00
2.580000000000000000e+02
0.000000000000000000e+00
2.532400000000000000e+04
3.200000000000000000e+01
1.480000000000000000e+03
5.840000000000000000e+02
2.401200000000000000e+04
2.892000000000000000e+03
5.221600000000000000e+04
3.182000000000000000e+03
2.282000000000000000e+03
5.880000000000000000e+02
1.320000000000000000e+02
5.040000000000000000e+02
6.400000000000000000e+01
1.996000000000000000e+03
3.008000000000000000e+03
1.166000000000000000e+03
4.600000000000000000e+02
2.300000000000000000e+02
7.340000000000000000e+02
5.084000000000000000e+03
9.320000000000000000e+02
2.098000000000000000e+03
1.262000000000000000e+03
3.200000000000000000e+01
4.720000000000000000e+02
6.400000000000000000e+01
2.016000000000000000e+03
2.710000000000000000e+03
3.132000000000000000e+03
4.148000000000000000e+03
3.562000000000000000e+03
2.668000000000000000e+03
2.540000000000000000e+02
1.700000000000000000e+02
1.122000000000000000e+03
2.240000000000000000e+02
7.220000000000000000e+02
2.040000000000000000e+02
2.940000000000000000e+02
6.200000000000000000e+02
7.920000000000000000e+02
3.760000000000000000e+02
1.118000000000000000e+03
7.248000000000000000e+03
1.989200000000000000e+04
3.869200000000000000e+04
1.089720000000000000e+05
1.896640000000000000e+05
2.340060000000000000e+05
4.156440000000000000e+05
2.011100000000000000e+05
8.605100000000000000e+05
8.638560000000000000e+05
5.460000000000000000e+02
1.488000000000000000e+03
3.200000000000000000e+02
4.000000000000000000e+00
1.792000000000000000e+03
5.120000000000000000e+02
1.332000000000000000e+03
1.436000000000000000e+03
8.232000000000000000e+03
1.321600000000000000e+04
9.226000000000000000e+03
3.256600000000000000e+04
4.287800000000000000e+04
1.842000000000000000e+04
2.178400000000000000e+04
3.265600000000000000e+04
3.095800000000000000e+04
3.922200000000000000e+04
1.367400000000000000e+04
2.956400000000000000e+04
3.051200000000000000e+04
2.761400000000000000e+04
2.597200000000000000e+04
4.213800000000000000e+04
2.818600000000000000e+04
2.381000000000000000e+04
2.221600000000000000e+04
3.152400000000000000e+04
2.287400000000000000e+04
3.165200000000000000e+04
1.945400000000000000e+04
1.433600000000000000e+04
8.672000000000000000e+03
2.769400000000000000e+04
1.837000000000000000e+04
1.171800000000000000e+04
1.536600000000000000e+04
3.888000000000000000e+03
1.293400000000000000e+04
6.424000000000000000e+03
4.020000000000000000e+03
6.514000000000000000e+03
1.157200000000000000e+04
4.362000000000000000e+03
5.160000000000000000e+03
2.471200000000000000e+04
4.268000000000000000e+03
7.130000000000000000e+03
1.488000000000000000e+04
1.792600000000000000e+04
3.738000000000000000e+03
5.588000000000000000e+03
1.072200000000000000e+04
7.260000000000000000e+02
2.319200000000000000e+04
1.732000000000000000e+03
1.013400000000000000e+04
1.500000000000000000e+03
4.877600000000000000e+04
2.616000000000000000e+03
1.900000000000000000e+02
8.600000000000000000e+02
9.000000000000000000e+01
6.586000000000000000e+03
4.940000000000000000e+02
8.800000000000000000e+02
5.040000000000000000e+02
1.880200000000000000e+04
3.500000000000000000e+02
2.420000000000000000e+02
4.340000000000000000e+02
2.361200000000000000e+04
3.610000000000000000e+03
6.190000000000000000e+03
1.667200000000000000e+04
1.792000000000000000e+03
9.800000000000000000e+03
5.108000000000000000e+03
2.238000000000000000e+03
3.588400000000000000e+04
1.004000000000000000e+03
3.038000000000000000e+03
1.786000000000000000e+03
2.720000000000000000e+02
2.222000000000000000e+03
3.860000000000000000e+02
1.617000000000000000e+04
2.720000000000000000e+02
1.504000000000000000e+03
2.360000000000000000e+02
2.740000000000000000e+02
7.160000000000000000e+02
3.280000000000000000e+02
2.292000000000000000e+03
9.540000000000000000e+02
9.240000000000000000e+02
9.140000000000000000e+02
1.466000000000000000e+04
3.594000000000000000e+03
6.142000000000000000e+03
1.406000000000000000e+03
4.050000000000000000e+03
7.744000000000000000e+03
3.400000000000000000e+03
3.984000000000000000e+03
5.900000000000000000e+03
2.834000000000000000e+03
4.558000000000000000e+03
4.816000000000000000e+03
4.422000000000000000e+03
6.388000000000000000e+03
5.197600000000000000e+04
1.170200000000000000e+04
1.832200000000000000e+04
1.972400000000000000e+04
6.124000000000000000e+03
8.108000000000000000e+03
1.505600000000000000e+04
1.555800000000000000e+04
4.236400000000000000e+04
1.303600000000000000e+04
6.714000000000000000e+03
1.475800000000000000e+04
7.546000000000000000e+03
1.270000000000000000e+03
9.820000000000000000e+02
7.300000000000000000e+02
3.182000000000000000e+03
1.436000000000000000e+03
1.702000000000000000e+03
6.588000000000000000e+03
1.809400000000000000e+04
2.804000000000000000e+03
1.884000000000000000e+03
1.492000000000000000e+03
6.220000000000000000e+02
2.220000000000000000e+02
7.040000000000000000e+02
1.200000000000000000e+02
8.320000000000000000e+02
3.800000000000000000e+01
7.700000000000000000e+02
2.200000000000000000e+01
3.180000000000000000e+02
1.160000000000000000e+02
3.500000000000000000e+02
4.818000000000000000e+03
5.400000000000000000e+01
5.720000000000000000e+02
1.600000000000000000e+02
5.180000000000000000e+02
1.220000000000000000e+03
6.538600000000000000e+04
2.241940000000000000e+05
1.230380000000000000e+05
7.464620000000000000e+05
5.554660000000000000e+05
1.802960000000000000e+05
2.159920000000000000e+05
2.093740000000000000e+05
1.325540000000000000e+05
1.091960000000000000e+05
6.475200000000000000e+04
4.462400000000000000e+04
3.447400000000000000e+04
3.024400000000000000e+04
1.754200000000000000e+04
7.750000000000000000e+03
8.802000000000000000e+03
1.347200000000000000e+04
1.030200000000000000e+04
1.283600000000000000e+04
6.452000000000000000e+03
8.578000000000000000e+03
1.111600000000000000e+04
8.334000000000000000e+03
2.187800000000000000e+04
6.196000000000000000e+03
5.851200000000000000e+04
6.086000000000000000e+03
5.940000000000000000e+03
7.022000000000000000e+03
4.856000000000000000e+03
3.670000000000000000e+03
3.306000000000000000e+03
3.018000000000000000e+03
2.882000000000000000e+03
3.928000000000000000e+03
7.174000000000000000e+03
7.110000000000000000e+03
9.970000000000000000e+03
3.039400000000000000e+04
5.638000000000000000e+03
3.978000000000000000e+03
3.378000000000000000e+03
5.176000000000000000e+03
1.686000000000000000e+03
3.122000000000000000e+03
8.026000000000000000e+03
1.651400000000000000e+04
2.785800000000000000e+04
4.374200000000000000e+04
6.413000000000000000e+04
8.180400000000000000e+04
9.481000000000000000e+04
1.016560000000000000e+05
9.177800000000000000e+04
7.680400000000000000e+04
6.848800000000000000e+04
6.091400000000000000e+04
4.063460000000000000e+05
5.088680000000000000e+05
1.304320000000000000e+05
6.111800000000000000e+04
4.484780000000000000e+05
3.913900000000000000e+05
4.694080000000000000e+05
4.924040000000000000e+05
1.734020000000000000e+05
2.553000000000000000e+05
1.984700000000000000e+05
7.587200000000000000e+04
8.534600000000000000e+04
1.305200000000000000e+04
1.270800000000000000e+04
3.742000000000000000e+04
2.458400000000000000e+04
6.437800000000000000e+04
6.782400000000000000e+04
2.717600000000000000e+04
2.025000000000000000e+04
1.158000000000000000e+04
8.072000000000000000e+03
1.364600000000000000e+04
1.263220000000000000e+05
3.548600000000000000e+04
7.503200000000000000e+04
1.314980000000000000e+05
3.253000000000000000e+04
1.106200000000000000e+05
1.580180000000000000e+05
1.247400000000000000e+04
3.052000000000000000e+03
2.200000000000000000e+02
2.794000000000000000e+03
1.740000000000000000e+02
2.000000000000000000e+02
5.020000000000000000e+02
1.760000000000000000e+02
8.340000000000000000e+02
1.014800000000000000e+04
3.458000000000000000e+03
3.424000000000000000e+03
1.458000000000000000e+03
1.992000000000000000e+03
1.092000000000000000e+03
2.528000000000000000e+03
1.576000000000000000e+03
2.340000000000000000e+02
1.058000000000000000e+03
4.240000000000000000e+02
1.000000000000000000e+02
4.520000000000000000e+02
5.800000000000000000e+01
2.000000000000000000e+01
5.760000000000000000e+02
9.000000000000000000e+01
8.400000000000000000e+01
2.000000000000000000e+00
0.000000000000000000e+00
0.000000000000000000e+00
4.277400000000000000e+04
5.200000000000000000e+02
1.494000000000000000e+03
4.760000000000000000e+02
2.711600000000000000e+04
2.300000000000000000e+03
3.775400000000000000e+04
1.484960000000000000e+05
2.070820000000000000e+05
1.241820000000000000e+05
5.380600000000000000e+04
3.800000000000000000e+03
4.996000000000000000e+03
3.180000000000000000e+02
1.210000000000000000e+03
3.620000000000000000e+02
5.614000000000000000e+03
3.428000000000000000e+03
1.804000000000000000e+03
1.540000000000000000e+02
1.144000000000000000e+03
1.820000000000000000e+02
2.000000000000000000e+02
8.160000000000000000e+02
2.800000000000000000e+02
8.450000000000000000e+03
9.940000000000000000e+02
4.643200000000000000e+04
2.892000000000000000e+03
1.391000000000000000e+04
1.510000000000000000e+03
2.726000000000000000e+03
1.592000000000000000e+03
2.960000000000000000e+02
4.724000000000000000e+03
3.360000000000000000e+02
2.080000000000000000e+03
1.054200000000000000e+04
1.238000000000000000e+03
7.520000000000000000e+02
1.263600000000000000e+04
5.800000000000000000e+02
2.656000000000000000e+03
7.400000000000000000e+02
1.521200000000000000e+04
7.340000000000000000e+02
1.634000000000000000e+03
8.000000000000000000e+02
1.490000000000000000e+03
1.292000000000000000e+03
1.624000000000000000e+03
1.198000000000000000e+03
6.800000000000000000e+01
2.700000000000000000e+02
3.600000000000000000e+01
1.800000000000000000e+02
2.820000000000000000e+02
3.400000000000000000e+02
3.500000000000000000e+02
1.054000000000000000e+03
2.277600000000000000e+04
5.180000000000000000e+02
3.522000000000000000e+03
4.380000000000000000e+02
1.474400000000000000e+04
2.258000000000000000e+03
2.018000000000000000e+03
2.998800000000000000e+04
3.272000000000000000e+03
1.486000000000000000e+03
1.501800000000000000e+04
1.814000000000000000e+03
1.128000000000000000e+03
1.184000000000000000e+03
1.280000000000000000e+03
1.128000000000000000e+03
2.488000000000000000e+03
1.360000000000000000e+03
1.780000000000000000e+03
2.332000000000000000e+03
3.318000000000000000e+03
3.542000000000000000e+03
8.520000000000000000e+03
3.792000000000000000e+03
5.244000000000000000e+03
6.374000000000000000e+03
2.696400000000000000e+04
1.006200000000000000e+04
4.750000000000000000e+03
5.228000000000000000e+03
1.173000000000000000e+04
1.461600000000000000e+04
3.754000000000000000e+03
1.958000000000000000e+03
4.460000000000000000e+03
1.235200000000000000e+04
9.740000000000000000e+03
2.120000000000000000e+03
4.150000000000000000e+03
5.168000000000000000e+03
1.776400000000000000e+04
3.255600000000000000e+04
3.001000000000000000e+04
5.806600000000000000e+04
7.435200000000000000e+04
1.434500000000000000e+05
6.972400000000000000e+04
1.147580000000000000e+05
9.777600000000000000e+04
4.740200000000000000e+04
2.073400000000000000e+04
2.017200000000000000e+04
1.667400000000000000e+04
3.357200000000000000e+04
2.012200000000000000e+04
2.150600000000000000e+04
1.599800000000000000e+04
3.998000000000000000e+03
1.059400000000000000e+04
4.800000000000000000e+03
6.246000000000000000e+03
1.934000000000000000e+03
1.120600000000000000e+04
3.770000000000000000e+03
1.574600000000000000e+04
1.082800000000000000e+04
5.756000000000000000e+03
2.280000000000000000e+03
1.161400000000000000e+04
2.060000000000000000e+03
1.515800000000000000e+04
3.238000000000000000e+03
2.178000000000000000e+03
1.800000000000000000e+02
1.800000000000000000e+02
7.300000000000000000e+02
6.340000000000000000e+02
8.000000000000000000e+01
5.680000000000000000e+02
8.500000000000000000e+02
5.408000000000000000e+03
1.058000000000000000e+03
1.874600000000000000e+04
2.580000000000000000e+03
5.250000000000000000e+03
2.068000000000000000e+03
3.612000000000000000e+03
4.320000000000000000e+04
1.738000000000000000e+03
3.528000000000000000e+03
1.496000000000000000e+03
1.498000000000000000e+03
7.078000000000000000e+03
9.700000000000000000e+02
2.900000000000000000e+02
2.330000000000000000e+03
2.500000000000000000e+02
1.193200000000000000e+04
1.104000000000000000e+03
5.560000000000000000e+02
4.085200000000000000e+04
3.402000000000000000e+03
1.590000000000000000e+03
9.800000000000000000e+02
1.550000000000000000e+03
9.540000000000000000e+02
1.454000000000000000e+03
2.184000000000000000e+03
6.278000000000000000e+03
6.592000000000000000e+03
1.214800000000000000e+04
1.016400000000000000e+04
6.092000000000000000e+03
5.640000000000000000e+03
2.161600000000000000e+04
4.928000000000000000e+03
3.496000000000000000e+03
1.323600000000000000e+04
1.602200000000000000e+04
2.004000000000000000e+04
5.140000000000000000e+02
3.060000000000000000e+02
2.560000000000000000e+02
3.260000000000000000e+02
2.970800000000000000e+04
3.700000000000000000e+03
1.620000000000000000e+02
5.920000000000000000e+02
2.640000000000000000e+02
3.760000000000000000e+02
1.470400000000000000e+04
1.378000000000000000e+03
1.204000000000000000e+03
1.018000000000000000e+03
1.442000000000000000e+03
7.400000000000000000e+01
1.820000000000000000e+02
8.400000000000000000e+01
1.628000000000000000e+03
9.800000000000000000e+01
1.860000000000000000e+02
8.400000000000000000e+01
9.000000000000000000e+01
3.100000000000000000e+02
1.000000000000000000e+02
1.350000000000000000e+03
1.180200000000000000e+04
5.906000000000000000e+03
3.384000000000000000e+03
1.740000000000000000e+02
2.920000000000000000e+02
1.840000000000000000e+02
2.800000000000000000e+02
1.495968000000000000e+06
1.156000000000000000e+03
2.318000000000000000e+03
3.200000000000000000e+01
1.416000000000000000e+03
9.304000000000000000e+03
1.100000000000000000e+02
1.688000000000000000e+03
1.160000000000000000e+02
5.900000000000000000e+02
1.571400000000000000e+04
4.898000000000000000e+03
2.178200000000000000e+04
6.098000000000000000e+03
2.674000000000000000e+03
1.166000000000000000e+03
1.458000000000000000e+03
6.076000000000000000e+03
3.596800000000000000e+04
2.135400000000000000e+04
8.476000000000000000e+03
3.048000000000000000e+03
4.030000000000000000e+03
2.047000000000000000e+04
3.194000000000000000e+03
1.509200000000000000e+04
1.950200000000000000e+04
5.606000000000000000e+03
5.812000000000000000e+03
1.565000000000000000e+04
6.520000000000000000e+03
1.487000000000000000e+04
3.289200000000000000e+04
1.318600000000000000e+04
9.206000000000000000e+03
1.496200000000000000e+04
8.228000000000000000e+03
3.564000000000000000e+03
2.830000000000000000e+03
9.966000000000000000e+03
1.680200000000000000e+04
4.976200000000000000e+04
6.462000000000000000e+03
2.294800000000000000e+04
3.036000000000000000e+03
1.594000000000000000e+03
4.520000000000000000e+02
8.618000000000000000e+03
8.478000000000000000e+03
5.314000000000000000e+03
1.170000000000000000e+03
1.220000000000000000e+03
2.242000000000000000e+03
1.014000000000000000e+03
5.320000000000000000e+02
1.998000000000000000e+03
4.962400000000000000e+04
7.220000000000000000e+02
7.500000000000000000e+02
3.394000000000000000e+03
4.386800000000000000e+04
1.868000000000000000e+03
1.208000000000000000e+03
9.404000000000000000e+03
5.720000000000000000e+02
1.496000000000000000e+03
7.380000000000000000e+02
3.388000000000000000e+03
6.774000000000000000e+03
8.694000000000000000e+03
4.762000000000000000e+03
4.066000000000000000e+03
1.538000000000000000e+03
2.478000000000000000e+03
1.614000000000000000e+03
2.566000000000000000e+03
7.080000000000000000e+02
5.960000000000000000e+02
2.580000000000000000e+02
0.000000000000000000e+00
5.040000000000000000e+02
1.120000000000000000e+02
5.184000000000000000e+03
2.084000000000000000e+03
9.620000000000000000e+02
7.800000000000000000e+01
1.264000000000000000e+03
2.300000000000000000e+02
0.000000000000000000e+00
8.080000000000000000e+02
0.000000000000000000e+00
1.380000000000000000e+02
8.060000000000000000e+02
1.440000000000000000e+02
8.000000000000000000e+00
7.540000000000000000e+02
2.000000000000000000e+00
3.320000000000000000e+02
0.000000000000000000e+00
4.880000000000000000e+02
0.000000000000000000e+00
7.960000000000000000e+02
2.113660000000000000e+05
2.032800000000000000e+05
3.623140000000000000e+05
7.376000000000000000e+03
2.204000000000000000e+03
1.116000000000000000e+04
7.752000000000000000e+03
3.382000000000000000e+03
3.288000000000000000e+03
2.708000000000000000e+03
2.242000000000000000e+03
1.357500000000000000e+05
4.632000000000000000e+04
1.470800000000000000e+04
4.474000000000000000e+03
5.690000000000000000e+03
3.824000000000000000e+03
3.932000000000000000e+03
1.056600000000000000e+04
2.274000000000000000e+03
1.282000000000000000e+03
6.980000000000000000e+02
1.314000000000000000e+03
1.802000000000000000e+03
1.372000000000000000e+03
1.706000000000000000e+03
1.266000000000000000e+03
8.800000000000000000e+01
1.060000000000000000e+03
1.440000000000000000e+02
5.140000000000000000e+02
5.000000000000000000e+01
3.520000000000000000e+02
1.000000000000000000e+01
4.000000000000000000e+00
1.320000000000000000e+02
2.000000000000000000e+00
9.340000000000000000e+02
2.480000000000000000e+02
4.500000000000000000e+02
1.654000000000000000e+03
5.900000000000000000e+02
1.480000000000000000e+02
1.240000000000000000e+02
5.200000000000000000e+01
3.200000000000000000e+01
8.800000000000000000e+01
7.200000000000000000e+01
0.000000000000000000e+00
5.120000000000000000e+02
2.400000000000000000e+01
2.286000000000000000e+03
1.392000000000000000e+03
1.142180000000000000e+05
1.214100000000000000e+05
1.114160000000000000e+05
6.952600000000000000e+04
5.660600000000000000e+04
3.844200000000000000e+04
1.363000000000000000e+04
2.204000000000000000e+03
2.042000000000000000e+03
3.660000000000000000e+02
7.860000000000000000e+02
8.420000000000000000e+02
1.998000000000000000e+03
4.115800000000000000e+04
3.216400000000000000e+04
2.465000000000000000e+04
1.252800000000000000e+04
1.006000000000000000e+04
7.114000000000000000e+03
2.724000000000000000e+03
1.040000000000000000e+03
8.520000000000000000e+02
5.280000000000000000e+02
2.064000000000000000e+03
3.896000000000000000e+03
7.560000000000000000e+03
4.186000000000000000e+03
3.780000000000000000e+02
6.620000000000000000e+02
6.100000000000000000e+02
3.490000000000000000e+03
2.274000000000000000e+03
5.856000000000000000e+03
5.742000000000000000e+03
3.000000000000000000e+02
2.060000000000000000e+02
1.086000000000000000e+03
4.300000000000000000e+02
1.860000000000000000e+02
3.800000000000000000e+02
7.600000000000000000e+01
1.600000000000000000e+02
4.800000000000000000e+01
1.560000000000000000e+02
2.620000000000000000e+02
2.140000000000000000e+02
4.720000000000000000e+02
7.340000000000000000e+02
6.360000000000000000e+02
3.060000000000000000e+03
1.270400000000000000e+04
9.416000000000000000e+03
2.305800000000000000e+04
2.319600000000000000e+04
2.094000000000000000e+04
7.062000000000000000e+03
1.145800000000000000e+04
9.764000000000000000e+03
2.452000000000000000e+03
1.320000000000000000e+03
1.092000000000000000e+03
8.020000000000000000e+02
5.540000000000000000e+03
1.261000000000000000e+04
7.160000000000000000e+03
1.762000000000000000e+04
3.404000000000000000e+03
2.626000000000000000e+03
1.870000000000000000e+03
1.434000000000000000e+03
2.960000000000000000e+02
4.320000000000000000e+02
5.140000000000000000e+02
0.000000000000000000e+00
2.400000000000000000e+01
0.000000000000000000e+00
1.172000000000000000e+03
2.092000000000000000e+03
1.816000000000000000e+03
1.010000000000000000e+03
1.198000000000000000e+03
5.680000000000000000e+02
1.016000000000000000e+03
1.696000000000000000e+03
1.824000000000000000e+03
7.450000000000000000e+03
2.070000000000000000e+03
1.016000000000000000e+03
4.140000000000000000e+02
3.820000000000000000e+02
3.180000000000000000e+02
1.336000000000000000e+03
4.780000000000000000e+02
1.180000000000000000e+02
8.740000000000000000e+02
1.720000000000000000e+02
3.550000000000000000e+03
4.580000000000000000e+02
8.600000000000000000e+02
3.640000000000000000e+02
1.880000000000000000e+02
3.160000000000000000e+02
2.140000000000000000e+02
0.000000000000000000e+00
9.920000000000000000e+02
0.000000000000000000e+00
1.040000000000000000e+03
0.000000000000000000e+00
1.600000000000000000e+02
0.000000000000000000e+00
0.000000000000000000e+00
0.000000000000000000e+00
3.503200000000000000e+04
1.290000000000000000e+03
3.042000000000000000e+03
1.924000000000000000e+03
1.840000000000000000e+02
4.360000000000000000e+02
8.720000000000000000e+02
2.500000000000000000e+02
7.200000000000000000e+01
8.920000000000000000e+02
4.578000000000000000e+03
0.000000000000000000e+00
2.720000000000000000e+02
8.000000000000000000e+00
2.820000000000000000e+02
4.400000000000000000e+01
2.800000000000000000e+02
0.000000000000000000e+00
0.000000000000000000e+00
0.000000000000000000e+00
8.800000000000000000e+01
3.020000000000000000e+02
6.400000000000000000e+01
2.000000000000000000e+00
1.640000000000000000e+02
1.000000000000000000e+02
5.399800000000000000e+04
1.574520000000000000e+05
2.389800000000000000e+05
1.835320000000000000e+05
7.245600000000000000e+04
3.534200000000000000e+04
2.571600000000000000e+04
1.029800000000000000e+04
3.568200000000000000e+04
2.962000000000000000e+03
3.282000000000000000e+03
1.546000000000000000e+03
2.152600000000000000e+04
6.635800000000000000e+04
1.075040000000000000e+05
9.403400000000000000e+04
8.093400000000000000e+04
6.149200000000000000e+04
5.429000000000000000e+04
4.251400000000000000e+04
3.139400000000000000e+04
1.909800000000000000e+04
1.112000000000000000e+04
8.556000000000000000e+03
3.779800000000000000e+04
1.958000000000000000e+03
1.920000000000000000e+03
1.302000000000000000e+03
7.640000000000000000e+02
5.136000000000000000e+03
1.040000000000000000e+02
1.540000000000000000e+02
1.124000000000000000e+03
1.020200000000000000e+04
6.840000000000000000e+02
6.200000000000000000e+01
1.788000000000000000e+03
1.204000000000000000e+03
1.418000000000000000e+04
1.600000000000000000e+02
3.940000000000000000e+02
3.580000000000000000e+02
2.290000000000000000e+03
2.250000000000000000e+03
3.418000000000000000e+03
4.134000000000000000e+03
3.218000000000000000e+03
4.338400000000000000e+04
2.560000000000000000e+02
8.740000000000000000e+02
2.220000000000000000e+02
4.000000000000000000e+00
2.560000000000000000e+02
1.400000000000000000e+02
1.296000000000000000e+03
2.364000000000000000e+03
1.716000000000000000e+03
3.620000000000000000e+02
4.780000000000000000e+02
8.080000000000000000e+02
8.540000000000000000e+02
3.660000000000000000e+03
1.906000000000000000e+03
7.240000000000000000e+02
9.000000000000000000e+02
6.720000000000000000e+02
1.100000000000000000e+03
7.942000000000000000e+03
1.108000000000000000e+03
1.250400000000000000e+04
1.386800000000000000e+04
3.163200000000000000e+04
4.305800000000000000e+04
5.728000000000000000e+04
9.042400000000000000e+04
8.385800000000000000e+04
6.633800000000000000e+04
3.446000000000000000e+04
2.322200000000000000e+04
1.111400000000000000e+04
3.742000000000000000e+03
1.238000000000000000e+03
3.249400000000000000e+04
1.698000000000000000e+03
1.648000000000000000e+03
1.652000000000000000e+03
1.768000000000000000e+03
1.792000000000000000e+03
1.917000000000000000e+04
6.238000000000000000e+03
8.280000000000000000e+02
2.712000000000000000e+03
1.032000000000000000e+03
1.543800000000000000e+04
5.040000000000000000e+02
2.090000000000000000e+03
6.860000000000000000e+02
4.000000000000000000e+00
5.080000000000000000e+02
6.000000000000000000e+00
2.122000000000000000e+03
1.470000000000000000e+03
1.896000000000000000e+03
1.596000000000000000e+03
4.398000000000000000e+03
6.340000000000000000e+02
1.852000000000000000e+03
4.080000000000000000e+02
6.000000000000000000e+00
3.360000000000000000e+02
4.000000000000000000e+00
0.000000000000000000e+00
2.680000000000000000e+02
4.000000000000000000e+00
0.000000000000000000e+00
8.480000000000000000e+02
0.000000000000000000e+00
1.084000000000000000e+03
3.038000000000000000e+03
1.160000000000000000e+03
3.700000000000000000e+02
1.048000000000000000e+03
8.520000000000000000e+02
2.100000000000000000e+03
1.440000000000000000e+02
4.160000000000000000e+02
0.000000000000000000e+00
5.246000000000000000e+03
2.672000000000000000e+03
1.308000000000000000e+03
5.160000000000000000e+02
1.000000000000000000e+01
1.280000000000000000e+02
4.000000000000000000e+02
4.685200000000000000e+04
2.060000000000000000e+03
1.168000000000000000e+03
8.500000000000000000e+02
1.434000000000000000e+03
1.940000000000000000e+02
9.800000000000000000e+01
0.000000000000000000e+00
0.000000000000000000e+00
0.000000000000000000e+00
1.427240000000000000e+06
4.470000000000000000e+03
3.334280000000000000e+05
1.878620000000000000e+05
5.382800000000000000e+04
3.244400000000000000e+04
2.433000000000000000e+04
1.968400000000000000e+04
1.461400000000000000e+04
2.665200000000000000e+04
1.116800000000000000e+04
7.890000000000000000e+03
2.496000000000000000e+03
7.118000000000000000e+03
5.398000000000000000e+03
3.386000000000000000e+03
1.534000000000000000e+03
2.736000000000000000e+03
8.640000000000000000e+02
3.946000000000000000e+03
4.374200000000000000e+04
6.494000000000000000e+03
8.110000000000000000e+03
3.720000000000000000e+03
8.460000000000000000e+02
1.766000000000000000e+03
2.080000000000000000e+03
3.042000000000000000e+03
7.520000000000000000e+02
1.914000000000000000e+03
8.700000000000000000e+02
2.132000000000000000e+03
7.220000000000000000e+02
1.752000000000000000e+03
1.750000000000000000e+03
3.274000000000000000e+03
1.138000000000000000e+03
2.104000000000000000e+03
1.814000000000000000e+03
2.576000000000000000e+03
1.378000000000000000e+03
1.430000000000000000e+03
8.980000000000000000e+02
9.460000000000000000e+02
9.020000000000000000e+02
7.620000000000000000e+02
9.440000000000000000e+02
2.454000000000000000e+03
1.838000000000000000e+03
7.040000000000000000e+02
7.116000000000000000e+03
5.206000000000000000e+03
2.656000000000000000e+03
1.796000000000000000e+03
5.928000000000000000e+03
3.350000000000000000e+03
1.612000000000000000e+03
6.760000000000000000e+02
1.888000000000000000e+03
1.390000000000000000e+03
3.137000000000000000e+04
3.990000000000000000e+03
3.940000000000000000e+03
2.011600000000000000e+04
1.700000000000000000e+03
6.526000000000000000e+03
9.814000000000000000e+03
8.560000000000000000e+02
1.252000000000000000e+03
1.776000000000000000e+03
2.840000000000000000e+03
3.120000000000000000e+03
1.982000000000000000e+03
1.574000000000000000e+03
2.044000000000000000e+03
1.264000000000000000e+03
1.490000000000000000e+03
1.102000000000000000e+03
1.482000000000000000e+03
1.532000000000000000e+03
2.460000000000000000e+03
1.414000000000000000e+03
1.616000000000000000e+03
3.900000000000000000e+03
2.556000000000000000e+03
4.198000000000000000e+03
3.920000000000000000e+03
6.066000000000000000e+03
6.648000000000000000e+03
6.902000000000000000e+03
7.388000000000000000e+03
2.042800000000000000e+04
1.544200000000000000e+04
1.775400000000000000e+04
3.490600000000000000e+04
4.126200000000000000e+04
4.733000000000000000e+04
2.971200000000000000e+04
2.240600000000000000e+04
1.690000000000000000e+04
6.884200000000000000e+04
4.689200000000000000e+04
2.282800000000000000e+04
1.090400000000000000e+04
1.398600000000000000e+04
1.491800000000000000e+04
9.774000000000000000e+03
1.084200000000000000e+04
1.707800000000000000e+04
1.455200000000000000e+04
2.599200000000000000e+04
1.971000000000000000e+04
2.487600000000000000e+04
1.738600000000000000e+04
1.685800000000000000e+04
1.515600000000000000e+04
2.431600000000000000e+04
1.894600000000000000e+04
1.805400000000000000e+04
1.756200000000000000e+04
2.362400000000000000e+04
3.210000000000000000e+04
1.798000000000000000e+04
1.433800000000000000e+04
1.425200000000000000e+04
1.857200000000000000e+04
1.588600000000000000e+04
1.886000000000000000e+04
1.824200000000000000e+04
2.269400000000000000e+04
2.356400000000000000e+04
2.673600000000000000e+04
3.300000000000000000e+04
2.419200000000000000e+04
2.645400000000000000e+04
1.332600000000000000e+04
1.689800000000000000e+04
1.524000000000000000e+04
7.256000000000000000e+03
1.815600000000000000e+04
1.976600000000000000e+04
2.697200000000000000e+04
1.583600000000000000e+04
3.322400000000000000e+04
1.054800000000000000e+04
3.606200000000000000e+04
1.159200000000000000e+04
1.145800000000000000e+04
1.349800000000000000e+04
1.113400000000000000e+04
6.623800000000000000e+04
1.116800000000000000e+04
1.088600000000000000e+04
1.162200000000000000e+04
2.283400000000000000e+04
4.621400000000000000e+04
1.352200000000000000e+04
1.837000000000000000e+04
1.327600000000000000e+04
1.332800000000000000e+04
2.775200000000000000e+04
2.057400000000000000e+04
2.655600000000000000e+04
1.577600000000000000e+04
2.555200000000000000e+04
1.547000000000000000e+04
7.460400000000000000e+04
7.394000000000000000e+03
1.443000000000000000e+04
9.004000000000000000e+03
1.342400000000000000e+04
1.718800000000000000e+04
8.044000000000000000e+03
6.938000000000000000e+03
9.436000000000000000e+03
2.038200000000000000e+04
1.547600000000000000e+04
7.956000000000000000e+03
1.632400000000000000e+04
1.997800000000000000e+04
6.568000000000000000e+03
1.445200000000000000e+04
2.761000000000000000e+04
3.210600000000000000e+04
2.033200000000000000e+04
3.387200000000000000e+04
3.004000000000000000e+04
2.497200000000000000e+04
4.710200000000000000e+04
3.696400000000000000e+04
3.060800000000000000e+04
1.689600000000000000e+04
1.984400000000000000e+04
3.854000000000000000e+03
1.442600000000000000e+04
1.058400000000000000e+04
1.726400000000000000e+04
1.279200000000000000e+04
1.238200000000000000e+04
1.876800000000000000e+04
1.114020000000000000e+05
2.472800000000000000e+04
1.847200000000000000e+04
1.539600000000000000e+04
2.929000000000000000e+04
1.661600000000000000e+04
2.959200000000000000e+04
1.529400000000000000e+04
3.771000000000000000e+04
1.532400000000000000e+04
1.393800000000000000e+04
1.453400000000000000e+04
1.911400000000000000e+04
1.248400000000000000e+04
1.111600000000000000e+04
1.099800000000000000e+04
2.126400000000000000e+04
1.624800000000000000e+04
1.621400000000000000e+04
1.161600000000000000e+04
1.700200000000000000e+04
1.495200000000000000e+04
2.942200000000000000e+04
1.880600000000000000e+04
2.287600000000000000e+04
3.536800000000000000e+04
2.765800000000000000e+04
2.186400000000000000e+04
2.030800000000000000e+04
1.772000000000000000e+04
1.074800000000000000e+04
1.234200000000000000e+04
1.800200000000000000e+04
2.562000000000000000e+04
1.684800000000000000e+04
2.148200000000000000e+04
1.254000000000000000e+04
1.926600000000000000e+04
8.096000000000000000e+03
1.095200000000000000e+04
4.281800000000000000e+04
1.545800000000000000e+04
2.176000000000000000e+04
3.327200000000000000e+04
1.448400000000000000e+04
1.569800000000000000e+04
2.749800000000000000e+04
1.790800000000000000e+04
3.263800000000000000e+04
1.152400000000000000e+04
1.474400000000000000e+04
1.308400000000000000e+04
1.657200000000000000e+04
9.180000000000000000e+03
3.522800000000000000e+04
2.733800000000000000e+04
1.021000000000000000e+04
1.580800000000000000e+04
7.558000000000000000e+03
1.525400000000000000e+04
1.078400000000000000e+04
8.796000000000000000e+03
2.677600000000000000e+04
8.502000000000000000e+03
1.524000000000000000e+04
4.314000000000000000e+03
1.001200000000000000e+04
1.504400000000000000e+04
1.072600000000000000e+04
3.887600000000000000e+04
2.386800000000000000e+04
2.281200000000000000e+04
2.178600000000000000e+04
1.761600000000000000e+04
2.639400000000000000e+04
2.698400000000000000e+04
1.643000000000000000e+04
2.627200000000000000e+04
2.093800000000000000e+04
2.203400000000000000e+04
1.250200000000000000e+04
1.227200000000000000e+04
1.453000000000000000e+04
1.656400000000000000e+04
9.914000000000000000e+03
5.820000000000000000e+03
5.752000000000000000e+03
1.087400000000000000e+04
1.126600000000000000e+04
1.169800000000000000e+04
1.136000000000000000e+04
2.145400000000000000e+04
1.554600000000000000e+04
1.954600000000000000e+04
2.141000000000000000e+04
1.765400000000000000e+04
2.017400000000000000e+04
2.372000000000000000e+04
2.401600000000000000e+04
1.188600000000000000e+04
4.737000000000000000e+04
1.110800000000000000e+04
1.159400000000000000e+04
3.153200000000000000e+04
1.261800000000000000e+04
1.821000000000000000e+04
9.006000000000000000e+03
1.558000000000000000e+04
1.212200000000000000e+04
1.239200000000000000e+04
2.158600000000000000e+04
1.123400000000000000e+04
2.122600000000000000e+04
8.570000000000000000e+03
1.381200000000000000e+04
1.691200000000000000e+04
1.036200000000000000e+04
1.788200000000000000e+04
2.213000000000000000e+04
2.042400000000000000e+04
2.101600000000000000e+04
2.368000000000000000e+04
2.467000000000000000e+04
1.694200000000000000e+04
2.819400000000000000e+04
2.052600000000000000e+04
2.660200000000000000e+04
3.237400000000000000e+04
3.398200000000000000e+04
3.051200000000000000e+04
1.784400000000000000e+04
1.937800000000000000e+04
2.083200000000000000e+04
1.763200000000000000e+04
1.576200000000000000e+04
1.273800000000000000e+04
1.115400000000000000e+04
1.479000000000000000e+04
1.272600000000000000e+04
9.942000000000000000e+03
1.500000000000000000e+04
1.259600000000000000e+04
2.072200000000000000e+04
1.113600000000000000e+04
9.566000000000000000e+03
8.908000000000000000e+03
8.856000000000000000e+03
1.499800000000000000e+04
8.494000000000000000e+03
6.390000000000000000e+03
4.726800000000000000e+04
1.252600000000000000e+04
1.492400000000000000e+04
1.164800000000000000e+04
1.458800000000000000e+04
1.009600000000000000e+04
1.377600000000000000e+04
1.347200000000000000e+04
3.519600000000000000e+04
2.179600000000000000e+04
1.829200000000000000e+04
2.294000000000000000e+04
5.948000000000000000e+03
1.667200000000000000e+04
3.867800000000000000e+04
1.655400000000000000e+04
2.368000000000000000e+03
1.378800000000000000e+04
3.596000000000000000e+03
1.182000000000000000e+03
3.512000000000000000e+03
3.844000000000000000e+03
4.894000000000000000e+03
1.565400000000000000e+04
2.366000000000000000e+03
2.746000000000000000e+03
1.878000000000000000e+03
1.436000000000000000e+03
3.000000000000000000e+01
1.130000000000000000e+03
3.666000000000000000e+03
3.182000000000000000e+03
1.198000000000000000e+03
5.116000000000000000e+03
1.100000000000000000e+02
1.600000000000000000e+01
1.200000000000000000e+01
2.600000000000000000e+01
2.500000000000000000e+02
1.766000000000000000e+03
3.740000000000000000e+02
2.560000000000000000e+02
9.880000000000000000e+02
7.000000000000000000e+01
1.000000000000000000e+01
2.060000000000000000e+02
8.200000000000000000e+01
2.000000000000000000e+00
5.060000000000000000e+02
4.000000000000000000e+00
0.000000000000000000e+00
2.400000000000000000e+01
0.000000000000000000e+00
1.800000000000000000e+03
8.490000000000000000e+03
2.416000000000000000e+04
1.055600000000000000e+04
2.406400000000000000e+04
9.914000000000000000e+04
7.240200000000000000e+04
6.579200000000000000e+04
1.537940000000000000e+05
1.623440000000000000e+05
4.454600000000000000e+04
8.704600000000000000e+04
1.020640000000000000e+05
1.100540000000000000e+05
2.806200000000000000e+04
5.579000000000000000e+04
5.832400000000000000e+04
2.572200000000000000e+04
3.444600000000000000e+04
3.246800000000000000e+04
3.153000000000000000e+04
4.967000000000000000e+04
2.126200000000000000e+04
5.500800000000000000e+04
4.406400000000000000e+04
4.570800000000000000e+04
5.587400000000000000e+04
2.698800000000000000e+04
5.707800000000000000e+04
3.399800000000000000e+04
3.753000000000000000e+04
2.801800000000000000e+04
5.112400000000000000e+04
8.678200000000000000e+04
7.003000000000000000e+04
6.143600000000000000e+04
4.142800000000000000e+04
4.669400000000000000e+04
3.908400000000000000e+04
4.378200000000000000e+04
8.053000000000000000e+04
6.068600000000000000e+04
5.362000000000000000e+04
2.880200000000000000e+04
4.126000000000000000e+03
8.572000000000000000e+03
1.096800000000000000e+04
2.055600000000000000e+04
3.459800000000000000e+04
2.308200000000000000e+04
2.725800000000000000e+04
1.977000000000000000e+04
2.974000000000000000e+04
2.113000000000000000e+04
2.498600000000000000e+04
1.006800000000000000e+04
2.974400000000000000e+04
3.064200000000000000e+04
1.794800000000000000e+04
4.232000000000000000e+03
5.258000000000000000e+03
2.404000000000000000e+03
2.622000000000000000e+03
1.214000000000000000e+03
7.880000000000000000e+02
1.422000000000000000e+03
1.824000000000000000e+03
1.224400000000000000e+04
5.820000000000000000e+02
1.534000000000000000e+03
1.446000000000000000e+03
8.714000000000000000e+03
1.200800000000000000e+04
1.736800000000000000e+04
3.060200000000000000e+04
2.207000000000000000e+04
3.371400000000000000e+04
2.961800000000000000e+04
1.773400000000000000e+04
2.596600000000000000e+04
2.855600000000000000e+04
2.897600000000000000e+04
3.686200000000000000e+04
3.646200000000000000e+04
1.318800000000000000e+04
1.292000000000000000e+04
5.388000000000000000e+03
2.820000000000000000e+02
2.142000000000000000e+03
5.900000000000000000e+02
4.960000000000000000e+02
2.462000000000000000e+03
5.720000000000000000e+02
4.000000000000000000e+00
1.416000000000000000e+03
1.098400000000000000e+04
2.806000000000000000e+03
6.075200000000000000e+04
7.334000000000000000e+03
5.162000000000000000e+03
2.210000000000000000e+04
2.818000000000000000e+03
8.220000000000000000e+02
9.090000000000000000e+03
5.300000000000000000e+02
2.720000000000000000e+02
1.772000000000000000e+03
1.940000000000000000e+02
1.060000000000000000e+02
8.880000000000000000e+02
1.160000000000000000e+02
1.578000000000000000e+04
3.322000000000000000e+03
3.880000000000000000e+02
3.500000000000000000e+03
6.680000000000000000e+02
2.400000000000000000e+01
1.782000000000000000e+03
2.800000000000000000e+01
1.734000000000000000e+03
1.600000000000000000e+01
4.480000000000000000e+02
1.400000000000000000e+01
2.000000000000000000e+00
8.000000000000000000e+01
2.000000000000000000e+00
0.000000000000000000e+00
7.920000000000000000e+02
6.400000000000000000e+01
8.760000000000000000e+02
8.780000000000000000e+02
7.360000000000000000e+02
8.820000000000000000e+02
1.870000000000000000e+03
2.154000000000000000e+03
7.892000000000000000e+03
1.914400000000000000e+04
5.912000000000000000e+04
8.054600000000000000e+04
5.579200000000000000e+04
9.553800000000000000e+04
6.517800000000000000e+04
6.615800000000000000e+04
3.036200000000000000e+04
4.357600000000000000e+04
3.000600000000000000e+04
2.739000000000000000e+04
2.185400000000000000e+04
6.954000000000000000e+03
6.760000000000000000e+03
9.620000000000000000e+02
3.696000000000000000e+03
2.006000000000000000e+03
7.773600000000000000e+04
3.940000000000000000e+03
3.640000000000000000e+02
3.148000000000000000e+03
2.993800000000000000e+04
4.612000000000000000e+03
6.200000000000000000e+02
1.018000000000000000e+03
6.740000000000000000e+02
1.770000000000000000e+03
2.442000000000000000e+03
5.164000000000000000e+03
8.060000000000000000e+02
3.660000000000000000e+02
1.354000000000000000e+03
4.400000000000000000e+02
1.620000000000000000e+02
1.158000000000000000e+03
6.600000000000000000e+01
8.346000000000000000e+03
9.300000000000000000e+02
1.402000000000000000e+03
4.200000000000000000e+01
1.620000000000000000e+02
1.366000000000000000e+03
2.600000000000000000e+01
7.900000000000000000e+02
1.608000000000000000e+03
2.480000000000000000e+02
7.180000000000000000e+02
2.419200000000000000e+04
5.477000000000000000e+04
1.474260000000000000e+05
1.091100000000000000e+05
1.601420000000000000e+05
1.281600000000000000e+05
1.741760000000000000e+05
8.213900000000000000e+05
8.628260000000000000e+05
1.566376000000000000e+06
2.980480000000000000e+05
6.034000000000000000e+03
6.540000000000000000e+03
5.310000000000000000e+03
5.822000000000000000e+03
6.050800000000000000e+04
6.634000000000000000e+03
9.432000000000000000e+03
5.838000000000000000e+03
6.528000000000000000e+03
7.380000000000000000e+03
5.686000000000000000e+03
7.104000000000000000e+03
8.304000000000000000e+03
7.772000000000000000e+03
5.770000000000000000e+03
7.438000000000000000e+03
7.094000000000000000e+03
6.564000000000000000e+03
6.108000000000000000e+03
5.916000000000000000e+03
9.038000000000000000e+03
6.258000000000000000e+03
3.568000000000000000e+03
3.198000000000000000e+03
2.722000000000000000e+03
2.732000000000000000e+03
6.440000000000000000e+02
4.562000000000000000e+03
5.050000000000000000e+03
1.016000000000000000e+04
3.775000000000000000e+04
1.158600000000000000e+04
1.318400000000000000e+04
4.773200000000000000e+04
7.712000000000000000e+03
4.984000000000000000e+03
1.003800000000000000e+04
8.130000000000000000e+03
6.894000000000000000e+03
7.472000000000000000e+03
4.058000000000000000e+03
2.616000000000000000e+03
4.260000000000000000e+02
4.860000000000000000e+02
9.280000000000000000e+02
6.400000000000000000e+02
7.301400000000000000e+04
8.180000000000000000e+02
2.846000000000000000e+03
7.600000000000000000e+02
5.060000000000000000e+02
6.640000000000000000e+02
6.040000000000000000e+02
9.472000000000000000e+03
3.142000000000000000e+03
1.520000000000000000e+03
2.052000000000000000e+03
5.306000000000000000e+03
4.188000000000000000e+03
1.244000000000000000e+03
1.864000000000000000e+03
9.980000000000000000e+02
8.360000000000000000e+02
9.580000000000000000e+02
7.400000000000000000e+02
5.646000000000000000e+03
8.600000000000000000e+01
8.180000000000000000e+02
6.320000000000000000e+02
3.214800000000000000e+04
1.635820000000000000e+05
8.349400000000000000e+04
3.623200000000000000e+04
3.698400000000000000e+04
4.222800000000000000e+04
2.809400000000000000e+04
3.144400000000000000e+04
1.686200000000000000e+04
1.107200000000000000e+04
5.010000000000000000e+03
3.430000000000000000e+03
4.466000000000000000e+03
6.470000000000000000e+03
7.188000000000000000e+03
4.534000000000000000e+03
2.316000000000000000e+03
1.014000000000000000e+03
1.008000000000000000e+03
2.642000000000000000e+03
3.664000000000000000e+03
1.294000000000000000e+03
2.752000000000000000e+03
1.846000000000000000e+03
1.802000000000000000e+03
1.404000000000000000e+03
9.640000000000000000e+02
1.298000000000000000e+03
3.558000000000000000e+03
1.392000000000000000e+03
6.120000000000000000e+02
1.348000000000000000e+03
5.320000000000000000e+02
1.272000000000000000e+03
6.180000000000000000e+02
4.080000000000000000e+02
3.860000000000000000e+02
3.700000000000000000e+02
1.840000000000000000e+02
1.880000000000000000e+02
4.300000000000000000e+02
1.717000000000000000e+04
1.689820000000000000e+05
9.533000000000000000e+04
2.868400000000000000e+04
1.391600000000000000e+04
2.055000000000000000e+04
2.811200000000000000e+04
2.473800000000000000e+04
3.143400000000000000e+04
3.004200000000000000e+04
2.481200000000000000e+04
2.470800000000000000e+04
9.318000000000000000e+03
1.080400000000000000e+04
6.870000000000000000e+03
5.158000000000000000e+03
4.246000000000000000e+03
2.462600000000000000e+04
1.628600000000000000e+04
1.140800000000000000e+04
1.988000000000000000e+03
2.256000000000000000e+03
2.356000000000000000e+03
3.306000000000000000e+03
2.296000000000000000e+03
2.666000000000000000e+03
2.970000000000000000e+03
2.858000000000000000e+03
3.852000000000000000e+03
2.624000000000000000e+03
2.508000000000000000e+03
1.986000000000000000e+03
3.110000000000000000e+03
4.970000000000000000e+03
3.570000000000000000e+03
2.464000000000000000e+03
2.560000000000000000e+03
1.352000000000000000e+03
7.080000000000000000e+02
2.222000000000000000e+03
1.120000000000000000e+02
1.428000000000000000e+03
2.520000000000000000e+02
1.960000000000000000e+02
7.440000000000000000e+02
1.640000000000000000e+02
6.900000000000000000e+02
1.350000000000000000e+03
1.890000000000000000e+03
1.366000000000000000e+03
7.140000000000000000e+02
1.746000000000000000e+03
1.190000000000000000e+03
8.160000000000000000e+02
2.292000000000000000e+03
9.000000000000000000e+02
2.710000000000000000e+03
8.580000000000000000e+02
1.282000000000000000e+03
2.028000000000000000e+03
1.970000000000000000e+03
2.754000000000000000e+03
4.334000000000000000e+03
6.244000000000000000e+03
3.414000000000000000e+03
3.054000000000000000e+03
2.626000000000000000e+03
7.302000000000000000e+03
6.726000000000000000e+03
6.580000000000000000e+03
6.460000000000000000e+03
5.052000000000000000e+03
3.666000000000000000e+03
4.672000000000000000e+03
4.161600000000000000e+04
5.288000000000000000e+03
5.182000000000000000e+03
7.104000000000000000e+03
6.568000000000000000e+03
9.760000000000000000e+03
6.736000000000000000e+03
1.136400000000000000e+04
1.274400000000000000e+04
6.132400000000000000e+04
8.634000000000000000e+03
4.532000000000000000e+03
4.822000000000000000e+03
2.814000000000000000e+03
5.646000000000000000e+03
4.198000000000000000e+03
7.218000000000000000e+03
1.063800000000000000e+04
9.426000000000000000e+03
1.742800000000000000e+04
1.516800000000000000e+04
1.964400000000000000e+04
2.653600000000000000e+04
2.162000000000000000e+04
2.381600000000000000e+04
3.155000000000000000e+04
3.982600000000000000e+04
6.308200000000000000e+04
9.262400000000000000e+04
9.276800000000000000e+04
1.129280000000000000e+05
1.133220000000000000e+05
4.878800000000000000e+04
5.159800000000000000e+04
3.785800000000000000e+04
3.579200000000000000e+04
3.571200000000000000e+04
5.483000000000000000e+04
6.016000000000000000e+04
3.468000000000000000e+04
2.470400000000000000e+04
1.540400000000000000e+04
1.301200000000000000e+04
2.461000000000000000e+04
1.602800000000000000e+04
4.319800000000000000e+04
5.176000000000000000e+04
6.566800000000000000e+04
6.385600000000000000e+04
6.107200000000000000e+04
4.746000000000000000e+04
3.246600000000000000e+04
2.889400000000000000e+04
1.820400000000000000e+04
2.973200000000000000e+04
7.696000000000000000e+03
5.598000000000000000e+03
4.092000000000000000e+03
2.738000000000000000e+03
5.454000000000000000e+03
7.993200000000000000e+04
2.972000000000000000e+03
2.026000000000000000e+03
2.236000000000000000e+03
4.078000000000000000e+03
3.202000000000000000e+03
3.376000000000000000e+03
6.138000000000000000e+03
2.454000000000000000e+03
1.852000000000000000e+03
9.780000000000000000e+02
2.046000000000000000e+03
1.904000000000000000e+03
4.004400000000000000e+04
1.936000000000000000e+03
1.326000000000000000e+03
1.566000000000000000e+03
1.864000000000000000e+03
2.418000000000000000e+03
2.418000000000000000e+03
1.792000000000000000e+03
6.160000000000000000e+02
1.888000000000000000e+03
1.920000000000000000e+03
1.400000000000000000e+03
1.494000000000000000e+03
3.194000000000000000e+03
2.216000000000000000e+03
6.580000000000000000e+02
1.638000000000000000e+03
1.730000000000000000e+03
2.226000000000000000e+03
7.792000000000000000e+03
7.506000000000000000e+03
6.990000000000000000e+03
9.316000000000000000e+03
8.280000000000000000e+03
5.906000000000000000e+03
1.196600000000000000e+04
1.080200000000000000e+04
1.519400000000000000e+04
1.843800000000000000e+04
2.706000000000000000e+04
2.147000000000000000e+04
2.029600000000000000e+04
1.893200000000000000e+04
2.250600000000000000e+04
1.280800000000000000e+04
6.814000000000000000e+03
5.970000000000000000e+03
3.410000000000000000e+03
3.250000000000000000e+03
5.266000000000000000e+03
1.226600000000000000e+04
4.756000000000000000e+03
4.874000000000000000e+03
1.312800000000000000e+04
3.786000000000000000e+03
1.954000000000000000e+03
2.822000000000000000e+03
3.290000000000000000e+03
3.812000000000000000e+03
3.834000000000000000e+03
1.136000000000000000e+03
8.375200000000000000e+04
4.928000000000000000e+03
4.532000000000000000e+03
1.926000000000000000e+03
2.210000000000000000e+03
2.050000000000000000e+03
1.588000000000000000e+03
2.994000000000000000e+03
9.700000000000000000e+02
1.720000000000000000e+03
3.332000000000000000e+03
3.136000000000000000e+03
2.872000000000000000e+03
5.610000000000000000e+03
3.654000000000000000e+03
2.204000000000000000e+03
2.266000000000000000e+03
2.688000000000000000e+03
1.726000000000000000e+03
3.364000000000000000e+03
3.848000000000000000e+03
1.596000000000000000e+03
2.150000000000000000e+03
1.608000000000000000e+03
2.340000000000000000e+03
8.694000000000000000e+03
1.378800000000000000e+04
6.250000000000000000e+03
7.544000000000000000e+03
1.060000000000000000e+04
9.336000000000000000e+03
4.364000000000000000e+03
1.228400000000000000e+04
3.963000000000000000e+04
4.443000000000000000e+04
1.494200000000000000e+04
1.498400000000000000e+04
4.790000000000000000e+03
5.244000000000000000e+03
5.128000000000000000e+03
5.256000000000000000e+03
2.530000000000000000e+03
3.666000000000000000e+03
5.092000000000000000e+03
3.604000000000000000e+03
1.813800000000000000e+04
3.048000000000000000e+03
2.546000000000000000e+03
1.964000000000000000e+03
2.252000000000000000e+03
3.494000000000000000e+03
2.676000000000000000e+03
5.576000000000000000e+03
2.580000000000000000e+03
2.472000000000000000e+03
3.464000000000000000e+03
3.292000000000000000e+03
2.778000000000000000e+03
4.666000000000000000e+03
3.764000000000000000e+03
4.964000000000000000e+03
8.211400000000000000e+04
7.578000000000000000e+03
8.922000000000000000e+03
6.982000000000000000e+03
7.198000000000000000e+03
1.017400000000000000e+04
1.174400000000000000e+04
8.934000000000000000e+03
7.764000000000000000e+03
8.340000000000000000e+03
1.011200000000000000e+04
9.638000000000000000e+03
1.186400000000000000e+04
1.089600000000000000e+04
1.652800000000000000e+04
8.972000000000000000e+03
7.700000000000000000e+03
8.548000000000000000e+03
5.486000000000000000e+03
3.882000000000000000e+03
5.096000000000000000e+03
1.608400000000000000e+04
7.992000000000000000e+03
9.030000000000000000e+03
4.938000000000000000e+03
4.510000000000000000e+03
8.466000000000000000e+03
4.278000000000000000e+03
1.028400000000000000e+04
4.646000000000000000e+03
5.406000000000000000e+03
5.576000000000000000e+03
8.632000000000000000e+03
8.172000000000000000e+03
5.146000000000000000e+03
6.340000000000000000e+03
1.158400000000000000e+04
4.121400000000000000e+04
7.220000000000000000e+03
4.964000000000000000e+03
4.012000000000000000e+03
4.492000000000000000e+03
1.117400000000000000e+04
7.050000000000000000e+03
8.602000000000000000e+03
7.360000000000000000e+03
1.027400000000000000e+04
6.392000000000000000e+03
5.516000000000000000e+03
1.104800000000000000e+04
6.408000000000000000e+03
5.828000000000000000e+03
4.662000000000000000e+03
8.810000000000000000e+03
1.046400000000000000e+04
5.916000000000000000e+03
8.550000000000000000e+03
3.996000000000000000e+03
1.118200000000000000e+04
7.938000000000000000e+03
4.500000000000000000e+03
6.108000000000000000e+03
6.300000000000000000e+03
5.402000000000000000e+03
7.022000000000000000e+03
4.426000000000000000e+03
7.042000000000000000e+03
7.194000000000000000e+03
3.156000000000000000e+03
7.866000000000000000e+03
9.012000000000000000e+03
5.704000000000000000e+03
1.756200000000000000e+04
2.064600000000000000e+04
1.697000000000000000e+04
1.390400000000000000e+04
1.245800000000000000e+04
4.067000000000000000e+04
3.774800000000000000e+04
9.677000000000000000e+04
2.854000000000000000e+04
1.028620000000000000e+05
1.180640000000000000e+05
7.841400000000000000e+04
1.479940000000000000e+05
3.892600000000000000e+04
2.412600000000000000e+04
6.004000000000000000e+04
5.942000000000000000e+03
8.684000000000000000e+03
5.402000000000000000e+03
9.620000000000000000e+03
1.015200000000000000e+04
3.380000000000000000e+03
6.130000000000000000e+03
8.948000000000000000e+03
4.144000000000000000e+03
5.556000000000000000e+03
3.970000000000000000e+03
5.004000000000000000e+03
4.692000000000000000e+03
5.888000000000000000e+03
5.812000000000000000e+03
7.398000000000000000e+03
8.204000000000000000e+03
9.966000000000000000e+03
4.748000000000000000e+03
8.034000000000000000e+03
4.564000000000000000e+03
2.826200000000000000e+04
6.134000000000000000e+03
3.176000000000000000e+03
2.752000000000000000e+03
5.446000000000000000e+03
6.812000000000000000e+03
6.344000000000000000e+03
1.072600000000000000e+04
1.162000000000000000e+04
9.708000000000000000e+03
2.356000000000000000e+04
1.296400000000000000e+04
2.125000000000000000e+04
4.084600000000000000e+04
2.230800000000000000e+04
1.128000000000000000e+04
2.680800000000000000e+04
1.458200000000000000e+04
2.876600000000000000e+04
1.760600000000000000e+04
8.830000000000000000e+03
3.140200000000000000e+04
4.453800000000000000e+04
1.390400000000000000e+04
4.485600000000000000e+04
4.732400000000000000e+04
4.462800000000000000e+04
2.371400000000000000e+04
9.271800000000000000e+04
1.220200000000000000e+05
6.003200000000000000e+04
3.781800000000000000e+04
3.225600000000000000e+04
8.592600000000000000e+04
1.164000000000000000e+04
2.260200000000000000e+04
2.869600000000000000e+04
1.252000000000000000e+04
1.888200000000000000e+04
1.404200000000000000e+04
8.656000000000000000e+03
4.530000000000000000e+03
7.276000000000000000e+03
4.576000000000000000e+03
4.134000000000000000e+03
3.538000000000000000e+03
5.370000000000000000e+03
4.570000000000000000e+03
4.686000000000000000e+03
4.674000000000000000e+03
6.804000000000000000e+03
8.472000000000000000e+03
4.940000000000000000e+03
8.808000000000000000e+03
6.962000000000000000e+03
9.466000000000000000e+03
3.564000000000000000e+03
4.846000000000000000e+03
1.335600000000000000e+04
1.532600000000000000e+04
1.709000000000000000e+04
4.164000000000000000e+03
4.482000000000000000e+03
4.232000000000000000e+03
6.406000000000000000e+03
5.224000000000000000e+03
5.518000000000000000e+03
7.896000000000000000e+03
1.095400000000000000e+04
4.026000000000000000e+03
3.426000000000000000e+03
2.338000000000000000e+03
1.194000000000000000e+04
7.702000000000000000e+03
7.472000000000000000e+03
1.159800000000000000e+04
7.127200000000000000e+04
6.608400000000000000e+04
2.769800000000000000e+04
2.635600000000000000e+04
2.621000000000000000e+04
6.150600000000000000e+04
6.886600000000000000e+04
3.339000000000000000e+04
1.111380000000000000e+05
1.981800000000000000e+04
2.013600000000000000e+04
4.044600000000000000e+04
6.476000000000000000e+03
4.770000000000000000e+03
9.626000000000000000e+03
4.132000000000000000e+03
9.524000000000000000e+03
1.282200000000000000e+04
6.932000000000000000e+03
4.762000000000000000e+03
5.850000000000000000e+03
6.346000000000000000e+03
1.104800000000000000e+04
6.892000000000000000e+03
2.376000000000000000e+03
4.676000000000000000e+03
3.822000000000000000e+03
3.560000000000000000e+03
6.780000000000000000e+03
4.964000000000000000e+03
3.284000000000000000e+03
4.588000000000000000e+03
5.058000000000000000e+03
3.416000000000000000e+03
3.126000000000000000e+03
2.380000000000000000e+03
4.908000000000000000e+03
3.670000000000000000e+03
3.682000000000000000e+03
2.888000000000000000e+03
5.946000000000000000e+03
7.620000000000000000e+03
1.354800000000000000e+04
6.514000000000000000e+03
1.766600000000000000e+04
4.556000000000000000e+03
7.622000000000000000e+03
5.862000000000000000e+03
4.460000000000000000e+03
3.208200000000000000e+04
1.082200000000000000e+04
4.496000000000000000e+03
4.892000000000000000e+03
1.189800000000000000e+04
7.770000000000000000e+03
1.347600000000000000e+04
4.406000000000000000e+03
4.174000000000000000e+03
2.960000000000000000e+03
6.916000000000000000e+03
7.412000000000000000e+03
6.502000000000000000e+03
1.457600000000000000e+04
9.146000000000000000e+03
4.962000000000000000e+03
6.116000000000000000e+03
5.548000000000000000e+03
1.124400000000000000e+04
2.828000000000000000e+03
2.982000000000000000e+03
4.766000000000000000e+03
4.286000000000000000e+03
2.680000000000000000e+03
3.648000000000000000e+03
3.850000000000000000e+03
5.554000000000000000e+03
4.230000000000000000e+03
7.372000000000000000e+03
7.218000000000000000e+03
2.644000000000000000e+03
4.316000000000000000e+03
4.458000000000000000e+03
3.728000000000000000e+03
7.956000000000000000e+03
1.001600000000000000e+04
4.376000000000000000e+03
3.826000000000000000e+03
1.302800000000000000e+04
1.996000000000000000e+03
8.500000000000000000e+03
1.011500000000000000e+05
9.971800000000000000e+04
4.061600000000000000e+04
1.327860000000000000e+05
1.083300000000000000e+05
1.608520000000000000e+05
1.671000000000000000e+04
1.392400000000000000e+04
9.272000000000000000e+03
7.024000000000000000e+03
1.534000000000000000e+03
2.864000000000000000e+03
4.668000000000000000e+03
6.870000000000000000e+03
1.450000000000000000e+04
2.934000000000000000e+03
1.334000000000000000e+03
2.415400000000000000e+04
2.316000000000000000e+03
1.428000000000000000e+03
2.468000000000000000e+03
1.348000000000000000e+03
1.866000000000000000e+03
3.128000000000000000e+03
3.680000000000000000e+03
9.612000000000000000e+03
1.988000000000000000e+03
4.788000000000000000e+03
4.750000000000000000e+03
6.066000000000000000e+03
4.046000000000000000e+03
2.108000000000000000e+03
4.100000000000000000e+03
3.250000000000000000e+03
4.382000000000000000e+03
4.012000000000000000e+03
7.487200000000000000e+04
5.928000000000000000e+03
6.806000000000000000e+03
4.856000000000000000e+03
2.050000000000000000e+03
2.322000000000000000e+03
1.888000000000000000e+03
3.110000000000000000e+03
3.850000000000000000e+03
6.974000000000000000e+03
4.162000000000000000e+03
2.148000000000000000e+03
2.306000000000000000e+03
4.615800000000000000e+04
2.702000000000000000e+03
4.656000000000000000e+03
2.168000000000000000e+03
2.874000000000000000e+03
1.122200000000000000e+04
4.772000000000000000e+03
4.140000000000000000e+03
1.948000000000000000e+03
6.552000000000000000e+03
4.970000000000000000e+03
4.572200000000000000e+04
7.840000000000000000e+03
3.822000000000000000e+03
2.816000000000000000e+03
2.666000000000000000e+03
4.132000000000000000e+03
2.754000000000000000e+03
2.098000000000000000e+03
4.556000000000000000e+03
6.174000000000000000e+03
3.154000000000000000e+03
2.232000000000000000e+03
8.320000000000000000e+03
2.510000000000000000e+03
1.034000000000000000e+04
5.768000000000000000e+03
6.896000000000000000e+03
8.128000000000000000e+03
5.960000000000000000e+03
1.065000000000000000e+04
7.280000000000000000e+03
4.266000000000000000e+03
3.160000000000000000e+03
2.866000000000000000e+03
3.310000000000000000e+03
5.476000000000000000e+03
8.146000000000000000e+03
8.108000000000000000e+03
1.383800000000000000e+04
4.744000000000000000e+03
1.137800000000000000e+04
1.220600000000000000e+04
8.714000000000000000e+03
6.860000000000000000e+03
1.758800000000000000e+04
4.796000000000000000e+03
1.097600000000000000e+04
6.448000000000000000e+03
9.628000000000000000e+03
6.256000000000000000e+03
6.888000000000000000e+03
1.743400000000000000e+04
1.681800000000000000e+04
1.237000000000000000e+04
3.383600000000000000e+04
3.767200000000000000e+04
5.112400000000000000e+04
6.147200000000000000e+04
1.094300000000000000e+05
6.657200000000000000e+04
6.656800000000000000e+04
6.869600000000000000e+04
1.830400000000000000e+04
2.978600000000000000e+04
1.003000000000000000e+04
1.528600000000000000e+04
8.882000000000000000e+03
1.034200000000000000e+04
3.016800000000000000e+04
3.170000000000000000e+03
2.608000000000000000e+03
2.956000000000000000e+03
3.058000000000000000e+03
2.272000000000000000e+03
6.428000000000000000e+03
3.200000000000000000e+03
3.900000000000000000e+03
2.072000000000000000e+03
1.848000000000000000e+03
2.284000000000000000e+03
3.210000000000000000e+03
1.698000000000000000e+04
3.340000000000000000e+03
5.854000000000000000e+03
7.774000000000000000e+03
2.208000000000000000e+03
5.886000000000000000e+03
7.642000000000000000e+03
8.270000000000000000e+03
2.399200000000000000e+04
2.640000000000000000e+03
4.562000000000000000e+03
4.554000000000000000e+03
6.874000000000000000e+03
4.102400000000000000e+04
5.234000000000000000e+03
4.200000000000000000e+03
3.924000000000000000e+03
4.966000000000000000e+03
7.270000000000000000e+03
1.060400000000000000e+04
7.242000000000000000e+03
1.262600000000000000e+04
6.622000000000000000e+03
4.770000000000000000e+03
5.452000000000000000e+03
9.112000000000000000e+03
8.028000000000000000e+03
8.014000000000000000e+03
1.378600000000000000e+04
1.232600000000000000e+04
4.890000000000000000e+03
8.346000000000000000e+03
9.866000000000000000e+03
7.330000000000000000e+03
3.476000000000000000e+03
1.379400000000000000e+04
7.004000000000000000e+03
2.812000000000000000e+03
3.226000000000000000e+03
1.037800000000000000e+04
5.870000000000000000e+03
2.044000000000000000e+03
7.172000000000000000e+03
8.662000000000000000e+03
8.650000000000000000e+03
7.474000000000000000e+03
1.785400000000000000e+04
7.272000000000000000e+03
7.020000000000000000e+03
1.074000000000000000e+04
8.892000000000000000e+03
5.860000000000000000e+03
9.596000000000000000e+03
6.494000000000000000e+03
3.478000000000000000e+03
5.824000000000000000e+03
8.532000000000000000e+03
6.236000000000000000e+03
1.215400000000000000e+04
9.568000000000000000e+03
8.298000000000000000e+03
4.200000000000000000e+03
6.612000000000000000e+03
1.127600000000000000e+04
5.642000000000000000e+03
5.750000000000000000e+03
3.370000000000000000e+03
1.223580000000000000e+05
5.308000000000000000e+03
6.080000000000000000e+03
4.484000000000000000e+03
3.426000000000000000e+03
5.920800000000000000e+04
1.768000000000000000e+03
2.192000000000000000e+03
7.220000000000000000e+02
1.852000000000000000e+03
1.966000000000000000e+03
4.200000000000000000e+02
4.840000000000000000e+02
3.160000000000000000e+02
1.124000000000000000e+03
3.313600000000000000e+04
1.388000000000000000e+03
1.182000000000000000e+03
2.108000000000000000e+03
1.506000000000000000e+03
1.940000000000000000e+02
1.192000000000000000e+03
9.340000000000000000e+02
2.076000000000000000e+03
1.990000000000000000e+03
6.700000000000000000e+02
2.076600000000000000e+04
1.104000000000000000e+03
2.384000000000000000e+03
9.880000000000000000e+02
2.588000000000000000e+03
2.268000000000000000e+03
2.154000000000000000e+03
3.932000000000000000e+03
1.360000000000000000e+03
3.996000000000000000e+03
2.736000000000000000e+03
2.450000000000000000e+03
1.762000000000000000e+03
6.140000000000000000e+03
1.878000000000000000e+03
5.814000000000000000e+03
6.176000000000000000e+03
2.466000000000000000e+03
2.724000000000000000e+03
1.122000000000000000e+03
2.474000000000000000e+03
2.006000000000000000e+03
4.380000000000000000e+03
2.680000000000000000e+03
1.062000000000000000e+03
3.482000000000000000e+03
1.564000000000000000e+03
2.266000000000000000e+03
6.560000000000000000e+02
7.062000000000000000e+03
5.458000000000000000e+03
5.662000000000000000e+03
4.012000000000000000e+03
7.030000000000000000e+03
2.588000000000000000e+03
5.934000000000000000e+03
3.672000000000000000e+03
5.376000000000000000e+03
6.480000000000000000e+03
7.414000000000000000e+03
6.670200000000000000e+04
6.940000000000000000e+03
7.166000000000000000e+03
7.628000000000000000e+03
2.334000000000000000e+03
1.446600000000000000e+04
1.060200000000000000e+04
1.798000000000000000e+03
1.087000000000000000e+04
3.722000000000000000e+03
6.602000000000000000e+03
9.854000000000000000e+03
4.746000000000000000e+03
8.536000000000000000e+03
9.972000000000000000e+03
2.230000000000000000e+03
6.278000000000000000e+03
2.502000000000000000e+03
2.454000000000000000e+03
4.462000000000000000e+03
1.693800000000000000e+04
2.632600000000000000e+04
4.698000000000000000e+03
6.376000000000000000e+03
3.270000000000000000e+03
8.846000000000000000e+03
2.483600000000000000e+04
3.818000000000000000e+03
5.736000000000000000e+03
4.374000000000000000e+03
9.634000000000000000e+03
9.662000000000000000e+03
4.332000000000000000e+03
3.730000000000000000e+03
3.086000000000000000e+03
5.830000000000000000e+03
1.570000000000000000e+03
1.138200000000000000e+04
7.218000000000000000e+03
6.192000000000000000e+03
2.574000000000000000e+03
1.960000000000000000e+03
5.082000000000000000e+03
6.264800000000000000e+04
9.262000000000000000e+03
2.333200000000000000e+04
5.922000000000000000e+03
3.768000000000000000e+03
7.012000000000000000e+03
3.688600000000000000e+04
2.450000000000000000e+04
9.264000000000000000e+03
2.750000000000000000e+03
2.932000000000000000e+04
2.666000000000000000e+03
6.358000000000000000e+03
5.186000000000000000e+03
3.170000000000000000e+03
6.928000000000000000e+03
9.640000000000000000e+02
1.047200000000000000e+04
3.582000000000000000e+03
3.590000000000000000e+03
6.460000000000000000e+03
8.922000000000000000e+03
7.820000000000000000e+03
8.030000000000000000e+03
3.834000000000000000e+03
2.382000000000000000e+03
1.097200000000000000e+04
7.994000000000000000e+03
8.748000000000000000e+03
5.986000000000000000e+03
2.162000000000000000e+03
1.258000000000000000e+03
5.014000000000000000e+03
4.516000000000000000e+03
2.444000000000000000e+03
5.022000000000000000e+03
4.552000000000000000e+03
1.882000000000000000e+03
1.380000000000000000e+03
2.708000000000000000e+03
1.648000000000000000e+03
1.734000000000000000e+03
1.847600000000000000e+04
5.426000000000000000e+03
2.086000000000000000e+03
3.254000000000000000e+03
1.870000000000000000e+03
5.216000000000000000e+03
1.412000000000000000e+03
9.980000000000000000e+02
2.572000000000000000e+03
2.666000000000000000e+03
3.431800000000000000e+04
4.614400000000000000e+04
8.221800000000000000e+04
1.949200000000000000e+04
8.168000000000000000e+03
4.620600000000000000e+04
3.894600000000000000e+04
3.869600000000000000e+04
5.271000000000000000e+04
5.162600000000000000e+04
7.652800000000000000e+04
3.084000000000000000e+03
1.268520000000000000e+05
1.181500000000000000e+05
8.518000000000000000e+03
2.184080000000000000e+05
3.783200000000000000e+04
3.720000000000000000e+04
2.207280000000000000e+05
1.349260000000000000e+05
1.820080000000000000e+05
1.085000000000000000e+04
2.533800000000000000e+04
1.067400000000000000e+04
9.594000000000000000e+03
3.619200000000000000e+04
1.515400000000000000e+04
2.635600000000000000e+04
2.008000000000000000e+04
6.956800000000000000e+04
1.379600000000000000e+04
2.279600000000000000e+04
2.343600000000000000e+04
4.503400000000000000e+04
1.646000000000000000e+04
2.926400000000000000e+04
2.649800000000000000e+04
2.161800000000000000e+04
2.095200000000000000e+04
1.728000000000000000e+03
5.314000000000000000e+03
1.017600000000000000e+04
5.322000000000000000e+03
2.891400000000000000e+04
2.242000000000000000e+04
1.053200000000000000e+04
6.842000000000000000e+03
9.338000000000000000e+03
1.170800000000000000e+04
8.644000000000000000e+03
4.532000000000000000e+03
1.090200000000000000e+04
3.064000000000000000e+03
3.706000000000000000e+03
1.606800000000000000e+04
1.329600000000000000e+04
3.268000000000000000e+04
3.556200000000000000e+04
1.357000000000000000e+04
1.528800000000000000e+04
9.768000000000000000e+03
3.949000000000000000e+04
2.597800000000000000e+04
2.902000000000000000e+03
4.638000000000000000e+03
4.040000000000000000e+03
4.784000000000000000e+03
7.834000000000000000e+03
3.034000000000000000e+03
4.984000000000000000e+03
2.123600000000000000e+04
1.378000000000000000e+03
1.494000000000000000e+03
3.024000000000000000e+03
4.562000000000000000e+03
5.546000000000000000e+03
5.240000000000000000e+03
2.592000000000000000e+03
1.320000000000000000e+03
1.142000000000000000e+03
1.070000000000000000e+03
9.320000000000000000e+02
1.080000000000000000e+02
1.606000000000000000e+03
8.560000000000000000e+02
8.662000000000000000e+03
9.276000000000000000e+03
4.820000000000000000e+02
2.674000000000000000e+03
1.402000000000000000e+03
3.008000000000000000e+03
2.576000000000000000e+03
5.116000000000000000e+03
2.940000000000000000e+02
4.700000000000000000e+02
1.196000000000000000e+03
4.900000000000000000e+02
2.960000000000000000e+02
5.040000000000000000e+02
6.920000000000000000e+02
3.165000000000000000e+04
4.340000000000000000e+03
5.154000000000000000e+03
1.406000000000000000e+03
1.332000000000000000e+03
1.036000000000000000e+03
4.400000000000000000e+01
7.416000000000000000e+03
4.624000000000000000e+03
1.112000000000000000e+03
5.440000000000000000e+02
8.000000000000000000e+00
7.460000000000000000e+02
9.800000000000000000e+01
6.860000000000000000e+02
8.158000000000000000e+03
1.088000000000000000e+03
2.080000000000000000e+03
7.200000000000000000e+02
2.560000000000000000e+02
8.380000000000000000e+02
4.400000000000000000e+01
1.600000000000000000e+01
4.660000000000000000e+02
4.800000000000000000e+01
8.000000000000000000e+00
1.094000000000000000e+03
2.000000000000000000e+00
2.138000000000000000e+03
4.300000000000000000e+02
1.920000000000000000e+03
4.160000000000000000e+02
1.000000000000000000e+03
0.000000000000000000e+00
1.170000000000000000e+03
3.432000000000000000e+03
6.340000000000000000e+02
1.606000000000000000e+03
1.460000000000000000e+02
2.700000000000000000e+02
1.008000000000000000e+03
5.200000000000000000e+01
1.500000000000000000e+02
6.920000000000000000e+02
1.700000000000000000e+02
0.000000000000000000e+00
1.440000000000000000e+02
0.000000000000000000e+00
0.000000000000000000e+00
0.000000000000000000e+00
2.037200000000000000e+04
4.530000000000000000e+03
3.960000000000000000e+02
1.072000000000000000e+03
7.400000000000000000e+01
2.040000000000000000e+02
6.620000000000000000e+02
1.580000000000000000e+02
2.000000000000000000e+01
5.680000000000000000e+02
1.100000000000000000e+02
1.860000000000000000e+02
3.540000000000000000e+02
5.200000000000000000e+01
9.200000000000000000e+01
5.840000000000000000e+02
1.760000000000000000e+02
1.900000000000000000e+02
1.840000000000000000e+02
0.000000000000000000e+00
8.160000000000000000e+02
0.000000000000000000e+00
0.000000000000000000e+00
7.760000000000000000e+02
0.000000000000000000e+00
3.200000000000000000e+01
1.280000000000000000e+02
0.000000000000000000e+00
0.000000000000000000e+00
7.200000000000000000e+01
0.000000000000000000e+00
0.000000000000000000e+00
3.520000000000000000e+02
0.000000000000000000e+00
0.000000000000000000e+00
3.520000000000000000e+02
0.000000000000000000e+00
0.000000000000000000e+00
3.520000000000000000e+02
0.000000000000000000e+00
0.000000000000000000e+00
3.520000000000000000e+02
0.000000000000000000e+00
8.200000000000000000e+01
3.180000000000000000e+02
8.000000000000000000e+01
3.340000000000000000e+02
1.258000000000000000e+03
0.000000000000000000e+00
4.000000000000000000e+00
3.540000000000000000e+02
2.000000000000000000e+00
0.000000000000000000e+00
3.520000000000000000e+02
0.000000000000000000e+00
0.000000000000000000e+00
3.520000000000000000e+02
0.000000000000000000e+00
0.000000000000000000e+00
3.520000000000000000e+02
0.000000000000000000e+00
1.000000000000000000e+01
3.620000000000000000e+02
0.000000000000000000e+00
0.000000000000000000e+00
3.520000000000000000e+02
0.000000000000000000e+00
0.000000000000000000e+00
3.520000000000000000e+02
0.000000000000000000e+00
0.000000000000000000e+00
3.520000000000000000e+02
0.000000000000000000e+00
0.000000000000000000e+00
3.520000000000000000e+02
0.000000000000000000e+00
0.000000000000000000e+00
3.520000000000000000e+02
3.200000000000000000e+01
0.000000000000000000e+00
3.520000000000000000e+02
0.000000000000000000e+00
0.000000000000000000e+00
3.520000000000000000e+02
0.000000000000000000e+00
0.000000000000000000e+00
3.200000000000000000e+01
0.000000000000000000e+00
2.480000000000000000e+02
1.290560000000000000e+05
1.600294000000000000e+06
1.422200000000000000e+05
1.606368000000000000e+06
3.339520000000000000e+05
1.700878000000000000e+06
8.930800000000000000e+04
